# 3ds Max Wavefront OBJ Exporter v0.97b - (c)2007 guruware
# File Created: 23.09.2018 10:12:58

mtllib torch flame.mtl

#
# object Box001
#

v  -0.9845 0.0000 0.9843
v  -0.9845 0.0000 -0.9843
v  0.9845 0.0000 -0.9843
v  0.9845 0.0000 0.9843
v  -0.9845 1.9690 0.9843
v  0.9845 1.9690 0.9843
v  0.9845 1.9690 -0.9843
v  -0.9845 1.9690 -0.9843
# 8 vertices

vn 0.0000 -1.0000 -0.0000
vn 0.0000 1.0000 -0.0000
vn 0.0000 0.0000 1.0000
vn 1.0000 0.0000 -0.0000
vn 0.0000 0.0000 -1.0000
vn -1.0000 0.0000 -0.0000
# 6 vertex normals

vt 1.0000 0.0000 0.0000
vt 1.0000 1.0000 0.0000
vt 0.0000 1.0000 0.0000
vt 0.0000 0.0000 0.0000
# 4 texture coords

g Box001
usemtl wire_014007007
s 2
f 1/1/1 2/2/1 3/3/1 4/4/1 
s 4
f 5/4/2 6/1/2 7/2/2 8/3/2 
s 8
f 1/4/3 4/1/3 6/2/3 5/3/3 
s 16
f 4/4/4 3/1/4 7/2/4 6/3/4 
s 32
f 3/4/5 2/1/5 8/2/5 7/3/5 
s 64
f 2/4/6 1/1/6 5/2/6 8/3/6 
# 6 polygons

#
# object Box005
#

v  0.2940 1.5465 0.3815
v  0.0100 1.9974 -0.1385
v  0.6653 2.3468 -0.1933
v  0.9492 1.8958 0.3267
v  0.0154 2.1791 1.0822
v  0.6706 2.5284 1.0274
v  0.3867 2.9794 0.5074
v  -0.2685 2.6300 0.5622
# 8 vertices

vn 0.2830 -0.6427 -0.7119
vn -0.2830 0.6427 0.7119
vn 0.3814 -0.6056 0.6984
vn 0.8800 0.4692 -0.0737
vn -0.3814 0.6056 -0.6984
vn -0.8800 -0.4692 0.0737
# 6 vertex normals

vt 1.0000 0.0000 0.0000
vt 1.0000 1.0000 0.0000
vt 0.0000 1.0000 0.0000
vt 0.0000 0.0000 0.0000
# 4 texture coords

g Box005
usemtl wire_055007009
s 2
f 9/5/7 10/6/7 11/7/7 12/8/7 
s 4
f 13/8/8 14/5/8 15/6/8 16/7/8 
s 8
f 9/8/9 12/5/9 14/6/9 13/7/9 
s 16
f 12/8/10 11/5/10 15/6/10 14/7/10 
s 32
f 11/8/11 10/5/11 16/6/11 15/7/11 
s 64
f 10/8/12 9/5/12 13/6/12 16/7/12 
# 6 polygons

#
# object Box006
#

v  -0.5213 2.0562 0.1712
v  -0.3735 2.5029 -0.4058
v  0.3039 2.6379 -0.1279
v  0.1561 2.1912 0.4492
v  -0.8801 2.8231 0.6731
v  -0.2027 2.9581 0.9510
v  -0.0549 3.4048 0.3740
v  -0.7323 3.2698 0.0960
# 8 vertices

vn 0.3645 -0.7792 -0.5099
vn -0.3645 0.7792 0.5099
vn -0.1985 -0.6000 0.7750
vn 0.9098 0.1813 0.3733
vn 0.1985 0.6000 -0.7750
vn -0.9098 -0.1813 -0.3733
# 6 vertex normals

vt 1.0000 0.0000 0.0000
vt 1.0000 1.0000 0.0000
vt 0.0000 1.0000 0.0000
vt 0.0000 0.0000 0.0000
# 4 texture coords

g Box006
usemtl wire_055007009
s 2
f 17/9/13 18/10/13 19/11/13 20/12/13 
s 4
f 21/12/14 22/9/14 23/10/14 24/11/14 
s 8
f 17/12/15 20/9/15 22/10/15 21/11/15 
s 16
f 20/12/16 19/9/16 23/10/16 22/11/16 
s 32
f 19/12/17 18/9/17 24/10/17 23/11/17 
s 64
f 18/12/18 17/9/18 21/10/18 24/11/18 
# 6 polygons

#
# object Box007
#

v  -1.0104 2.1697 0.0383
v  -0.9868 1.7907 -0.6021
v  -0.2906 1.5757 -0.4493
v  -0.3141 1.9547 0.1912
v  -0.6631 2.9678 -0.4212
v  0.0332 2.7528 -0.2684
v  0.0567 2.3738 -0.9088
v  -0.6395 2.5888 -1.0616
# 8 vertices

vn -0.3529 -0.8109 0.4669
vn 0.3529 0.8109 -0.4669
vn -0.0316 0.5090 0.8602
vn 0.9351 -0.2888 0.2053
vn 0.0316 -0.5090 -0.8602
vn -0.9351 0.2888 -0.2053
# 6 vertex normals

vt 1.0000 0.0000 0.0000
vt 1.0000 1.0000 0.0000
vt 0.0000 1.0000 0.0000
vt 0.0000 0.0000 0.0000
# 4 texture coords

g Box007
usemtl wire_055007009
s 2
f 25/13/19 26/14/19 27/15/19 28/16/19 
s 4
f 29/16/20 30/13/20 31/14/20 32/15/20 
s 8
f 25/16/21 28/13/21 30/14/21 29/15/21 
s 16
f 28/16/22 27/13/22 31/14/22 30/15/22 
s 32
f 27/16/23 26/13/23 32/14/23 31/15/23 
s 64
f 26/16/24 25/13/24 29/14/24 32/15/24 
# 6 polygons

#
# object Box008
#

v  0.1475 2.6035 0.1566
v  0.3836 2.3268 -0.4930
v  1.0656 2.5939 -0.3590
v  0.8295 2.8707 0.2906
v  -0.0948 3.4462 -0.2904
v  0.5872 3.7134 -0.1564
v  0.8233 3.4367 -0.8061
v  0.1413 3.1695 -0.9401
# 8 vertices

vn 0.2462 -0.8562 0.4542
vn -0.2462 0.8562 -0.4542
vn -0.3171 0.3717 0.8725
vn 0.9159 0.3588 0.1800
vn 0.3171 -0.3717 -0.8725
vn -0.9159 -0.3588 -0.1800
# 6 vertex normals

vt 1.0000 0.0000 0.0000
vt 1.0000 1.0000 0.0000
vt 0.0000 1.0000 0.0000
vt 0.0000 0.0000 0.0000
# 4 texture coords

g Box008
usemtl wire_055007009
s 2
f 33/17/25 34/18/25 35/19/25 36/20/25 
s 4
f 37/20/26 38/17/26 39/18/26 40/19/26 
s 8
f 33/20/27 36/17/27 38/18/27 37/19/27 
s 16
f 36/20/28 35/17/28 39/18/28 38/19/28 
s 32
f 35/20/29 34/17/29 40/18/29 39/19/29 
s 64
f 34/20/30 33/17/30 37/18/30 40/19/30 
# 6 polygons

#
# object Box009
#

v  0.4471 3.1018 0.4194
v  0.7516 3.0490 0.2120
v  0.9650 3.1508 0.4994
v  0.6605 3.2036 0.7069
v  0.4259 3.5699 0.2693
v  0.6394 3.6717 0.5567
v  0.9439 3.6189 0.3493
v  0.7305 3.5171 0.0619
# 8 vertices

vn 0.0429 -0.9513 0.3051
vn -0.0429 0.9513 -0.3051
vn -0.8181 0.1418 0.5573
vn 0.5734 0.2735 0.7722
vn 0.8181 -0.1418 -0.5573
vn -0.5734 -0.2735 -0.7722
# 6 vertex normals

vt 1.0000 0.0000 0.0000
vt 1.0000 1.0000 0.0000
vt 0.0000 1.0000 0.0000
vt 0.0000 0.0000 0.0000
# 4 texture coords

g Box009
usemtl wire_135059008
s 2
f 41/21/31 42/22/31 43/23/31 44/24/31 
s 4
f 45/24/32 46/21/32 47/22/32 48/23/32 
s 8
f 41/24/33 44/21/33 46/22/33 45/23/33 
s 16
f 44/24/34 43/21/34 47/22/34 46/23/34 
s 32
f 43/24/35 42/21/35 48/22/35 47/23/35 
s 64
f 42/24/36 41/21/36 45/22/36 48/23/36 
# 6 polygons

#
# object Box010
#

v  -0.8881 2.9125 0.7623
v  -0.7674 2.8000 0.4285
v  -0.4202 2.7793 0.5612
v  -0.5410 2.8917 0.8949
v  -0.8106 3.3807 0.6325
v  -0.4635 3.3600 0.7651
v  -0.3427 3.2475 0.4314
v  -0.6898 3.2682 0.2988
# 8 vertices

vn -0.1576 -0.9516 0.2637
vn 0.1576 0.9516 -0.2637
vn -0.3244 0.3021 0.8964
vn 0.9327 -0.0557 0.3563
vn 0.3244 -0.3021 -0.8964
vn -0.9327 0.0557 -0.3563
# 6 vertex normals

vt 1.0000 0.0000 0.0000
vt 1.0000 1.0000 0.0000
vt 0.0000 1.0000 0.0000
vt 0.0000 0.0000 0.0000
# 4 texture coords

g Box010
usemtl wire_135059008
s 2
f 49/25/37 50/26/37 51/27/37 52/28/37 
s 4
f 53/28/38 54/25/38 55/26/38 56/27/38 
s 8
f 49/28/39 52/25/39 54/26/39 53/27/39 
s 16
f 52/28/40 51/25/40 55/26/40 54/27/40 
s 32
f 51/28/41 50/25/41 56/26/41 55/27/41 
s 64
f 50/28/42 49/25/42 53/26/42 56/27/42 
# 6 polygons

#
# object Box011
#

v  -0.8682 2.9567 -0.5066
v  -0.6225 2.7238 -0.6615
v  -0.3765 2.8058 -0.3945
v  -0.6222 3.0387 -0.2396
v  -0.6925 3.3250 -0.7816
v  -0.4465 3.4069 -0.5146
v  -0.2008 3.1741 -0.6694
v  -0.4468 3.0921 -0.9364
# 8 vertices

vn -0.3572 -0.7484 0.5588
vn 0.3572 0.7484 -0.5588
vn -0.6600 0.6256 0.4159
vn 0.6609 0.2203 0.7174
vn 0.6600 -0.6256 -0.4159
vn -0.6609 -0.2203 -0.7174
# 6 vertex normals

vt 1.0000 0.0000 0.0000
vt 1.0000 1.0000 0.0000
vt 0.0000 1.0000 0.0000
vt 0.0000 0.0000 0.0000
# 4 texture coords

g Box011
usemtl wire_135059008
s 2
f 57/29/43 58/30/43 59/31/43 60/32/43 
s 4
f 61/32/44 62/29/44 63/30/44 64/31/44 
s 8
f 57/32/45 60/29/45 62/30/45 61/31/45 
s 16
f 60/32/46 59/29/46 63/30/46 62/31/46 
s 32
f 59/32/47 58/29/47 64/30/47 63/31/47 
s 64
f 58/32/48 57/29/48 61/30/48 64/31/48 
# 6 polygons

#
# object Box012
#

v  0.4385 3.6321 -0.3404
v  0.2531 3.5116 -0.6399
v  0.5510 3.5807 -0.8521
v  0.7364 3.7013 -0.5526
v  0.2741 4.0886 -0.4224
v  0.5720 4.1577 -0.6346
v  0.3867 4.0371 -0.9341
v  0.0888 3.9680 -0.7219
# 8 vertices

vn 0.3341 -0.9277 0.1668
vn -0.3341 0.9277 -0.1668
vn 0.4979 0.3239 0.8045
vn 0.8003 0.1857 -0.5701
vn -0.4979 -0.3239 -0.8045
vn -0.8003 -0.1857 0.5701
# 6 vertex normals

vt 1.0000 0.0000 0.0000
vt 1.0000 1.0000 0.0000
vt 0.0000 1.0000 0.0000
vt 0.0000 0.0000 0.0000
# 4 texture coords

g Box012
usemtl wire_135059008
s 2
f 65/33/49 66/34/49 67/35/49 68/36/49 
s 4
f 69/36/50 70/33/50 71/34/50 72/35/50 
s 8
f 65/36/51 68/33/51 70/34/51 69/35/51 
s 16
f 68/36/52 67/33/52 71/34/52 70/35/52 
s 32
f 67/36/53 66/33/53 72/34/53 71/35/53 
s 64
f 66/36/54 65/33/54 69/34/54 72/35/54 
# 6 polygons

#
# object Box013
#

v  -0.6477 3.8964 0.6582
v  -0.5308 4.0235 0.3284
v  -0.1935 4.0868 0.4724
v  -0.3104 3.9597 0.8022
v  -0.7868 4.3512 0.7842
v  -0.4495 4.4145 0.9282
v  -0.3326 4.5416 0.5984
v  -0.6699 4.4783 0.4544
# 8 vertices

vn 0.2827 -0.9244 -0.2561
vn -0.2827 0.9244 0.2561
vn -0.3141 -0.3415 0.8858
vn 0.9063 0.1700 0.3869
vn 0.3141 0.3415 -0.8858
vn -0.9063 -0.1700 -0.3869
# 6 vertex normals

vt 1.0000 0.0000 0.0000
vt 1.0000 1.0000 0.0000
vt 0.0000 1.0000 0.0000
vt 0.0000 0.0000 0.0000
# 4 texture coords

g Box013
usemtl wire_135059008
s 2
f 73/37/55 74/38/55 75/39/55 76/40/55 
s 4
f 77/40/56 78/37/56 79/38/56 80/39/56 
s 8
f 73/40/57 76/37/57 78/38/57 77/39/57 
s 16
f 76/40/58 75/37/58 79/38/58 78/39/58 
s 32
f 75/40/59 74/37/59 80/38/59 79/39/59 
s 64
f 74/40/60 73/37/60 77/38/60 80/39/60 
# 6 polygons

#
# object Box022
#

v  -0.9845 0.0000 0.9841
v  -0.9845 0.0000 -0.9844
v  0.9845 0.0000 -0.9844
v  0.9845 0.0000 0.9841
v  -0.9845 1.9690 0.9841
v  0.9845 1.9690 0.9841
v  0.9845 1.9690 -0.9844
v  -0.9845 1.9690 -0.9844
# 8 vertices

vn 0.0000 -1.0000 -0.0000
vn 0.0000 1.0000 -0.0000
vn 0.0000 0.0000 1.0000
vn 1.0000 0.0000 -0.0000
vn 0.0000 0.0000 -1.0000
vn -1.0000 0.0000 -0.0000
# 6 vertex normals

vt 1.0000 0.0000 0.0000
vt 1.0000 1.0000 0.0000
vt 0.0000 1.0000 0.0000
vt 0.0000 0.0000 0.0000
# 4 texture coords

g Box022
usemtl wire_014007007
s 2
f 81/41/61 82/42/61 83/43/61 84/44/61 
s 4
f 85/44/62 86/41/62 87/42/62 88/43/62 
s 8
f 81/44/63 84/41/63 86/42/63 85/43/63 
s 16
f 84/44/64 83/41/64 87/42/64 86/43/64 
s 32
f 83/44/65 82/41/65 88/42/65 87/43/65 
s 64
f 82/44/66 81/41/66 85/42/66 88/43/66 
# 6 polygons

#
# object Box014
#

v  0.7010 2.2497 0.4473
v  0.3625 1.9622 0.6593
v  0.6746 1.5822 0.6421
v  1.0131 1.8697 0.4301
v  0.5273 2.1271 0.0036
v  0.8393 1.7471 -0.0135
v  0.5009 1.4595 0.1985
v  0.1888 1.8395 0.2156
# 8 vertices

vn 0.3531 0.2493 0.9018
vn -0.3531 -0.2493 -0.9018
vn 0.6878 0.5843 -0.4308
vn 0.6342 -0.7723 -0.0349
vn -0.6878 -0.5843 0.4308
vn -0.6342 0.7723 0.0349
# 6 vertex normals

vt 1.0000 0.0000 0.0000
vt 1.0000 1.0000 0.0000
vt 0.0000 1.0000 0.0000
vt 0.0000 0.0000 0.0000
# 4 texture coords

g Box014
usemtl wire_135059008
s 2
f 89/45/67 90/46/67 91/47/67 92/48/67 
s 4
f 93/48/68 94/45/68 95/46/68 96/47/68 
s 8
f 89/48/69 92/45/69 94/46/69 93/47/69 
s 16
f 92/48/70 91/45/70 95/46/70 94/47/70 
s 32
f 91/48/71 90/45/71 96/46/71 95/47/71 
s 64
f 90/48/72 89/45/72 93/46/72 96/47/72 
# 6 polygons

#
# object Box015
#

v  0.7988 2.7468 -0.5464
v  0.8603 2.2682 -0.4494
v  0.6296 2.1536 -0.8686
v  0.5681 2.6322 -0.9656
v  0.3687 2.7399 -0.3078
v  0.1379 2.6253 -0.7269
v  0.1994 2.1467 -0.6299
v  0.4301 2.2613 -0.2108
# 8 vertices

vn 0.8743 0.0140 -0.4851
vn -0.8743 -0.0140 0.4851
vn -0.1249 0.9724 -0.1971
vn -0.4690 -0.2329 -0.8520
vn 0.1249 -0.9724 0.1971
vn 0.4690 0.2329 0.8520
# 6 vertex normals

vt 1.0000 0.0000 0.0000
vt 1.0000 1.0000 0.0000
vt 0.0000 1.0000 0.0000
vt 0.0000 0.0000 0.0000
# 4 texture coords

g Box015
usemtl wire_135059008
s 2
f 97/49/73 98/50/73 99/51/73 100/52/73 
s 4
f 101/52/74 102/49/74 103/50/74 104/51/74 
s 8
f 97/52/75 100/49/75 102/50/75 101/51/75 
s 16
f 100/52/76 99/49/76 103/50/76 102/51/76 
s 32
f 99/52/77 98/49/77 104/50/77 103/51/77 
s 64
f 98/52/78 97/49/78 101/50/78 104/51/78 
# 6 polygons

#
# object Box016
#

v  -0.4628 1.4729 -0.9806
v  -0.1383 1.7234 -0.7083
v  -0.2553 1.4494 -0.3168
v  -0.5799 1.1990 -0.5891
v  -0.8136 1.7959 -0.8595
v  -0.9307 1.5220 -0.4680
v  -0.6062 1.7724 -0.1957
v  -0.4891 2.0464 -0.5872
# 8 vertices

vn 0.7131 -0.6565 -0.2461
vn -0.7131 0.6565 0.2461
vn -0.6595 -0.5089 -0.5533
vn -0.2379 -0.5568 0.7958
vn 0.6595 0.5089 0.5533
vn 0.2379 0.5568 -0.7958
# 6 vertex normals

vt 1.0000 0.0000 0.0000
vt 1.0000 1.0000 0.0000
vt 0.0000 1.0000 0.0000
vt 0.0000 0.0000 0.0000
# 4 texture coords

g Box016
usemtl wire_135059008
s 2
f 105/53/79 106/54/79 107/55/79 108/56/79 
s 4
f 109/56/80 110/53/80 111/54/80 112/55/80 
s 8
f 105/56/81 108/53/81 110/54/81 109/55/81 
s 16
f 108/56/82 107/53/82 111/54/82 110/55/82 
s 32
f 107/56/83 106/53/83 112/54/83 111/55/83 
s 64
f 106/56/84 105/53/84 109/54/84 112/55/84 
# 6 polygons

#
# object Box017
#

v  -0.4113 1.4797 1.0003
v  -0.7391 1.2249 0.7361
v  -0.4303 1.2249 0.3531
v  -0.1026 1.4797 0.6173
v  -0.6097 1.9006 0.8404
v  -0.3009 1.9006 0.4573
v  -0.6287 1.6457 0.1931
v  -0.9375 1.6457 0.5762
# 8 vertices

vn 0.4032 -0.8554 0.3251
vn -0.4032 0.8554 -0.3251
vn 0.6660 0.5179 0.5369
vn 0.6276 0.0000 -0.7785
vn -0.6660 -0.5179 -0.5369
vn -0.6276 0.0000 0.7785
# 6 vertex normals

vt 1.0000 0.0000 0.0000
vt 1.0000 1.0000 0.0000
vt 0.0000 1.0000 0.0000
vt 0.0000 0.0000 0.0000
# 4 texture coords

g Box017
usemtl wire_135059008
s 2
f 113/57/85 114/58/85 115/59/85 116/60/85 
s 4
f 117/60/86 118/57/86 119/58/86 120/59/86 
s 8
f 113/60/87 116/57/87 118/58/87 117/59/87 
s 16
f 116/60/88 115/57/88 119/58/88 118/59/88 
s 32
f 115/60/89 114/57/89 120/58/89 119/59/89 
s 64
f 114/60/90 113/57/90 117/58/90 120/59/90 
# 6 polygons

#
# object Box018
#

v  -0.4877 2.7918 0.1637
v  -0.2439 3.1428 0.4078
v  -0.0928 2.8093 0.7365
v  -0.3366 2.4583 0.4924
v  -0.8875 2.8797 0.4367
v  -0.7364 2.5462 0.7654
v  -0.4926 2.8972 1.0094
v  -0.6437 3.2307 0.6808
# 8 vertices

vn 0.8126 -0.1786 -0.5548
vn -0.8126 0.1786 0.5548
vn -0.4954 -0.7132 -0.4959
vn 0.3071 -0.6778 0.6680
vn 0.4954 0.7132 0.4959
vn -0.3071 0.6778 -0.6680
# 6 vertex normals

vt 1.0000 0.0000 0.0000
vt 1.0000 1.0000 0.0000
vt 0.0000 1.0000 0.0000
vt 0.0000 0.0000 0.0000
# 4 texture coords

g Box018
usemtl wire_135059008
s 2
f 121/61/91 122/62/91 123/63/91 124/64/91 
s 4
f 125/64/92 126/61/92 127/62/92 128/63/92 
s 8
f 121/64/93 124/61/93 126/62/93 125/63/93 
s 16
f 124/64/94 123/61/94 127/62/94 126/63/94 
s 32
f 123/64/95 122/61/95 128/62/95 127/63/95 
s 64
f 122/64/96 121/61/96 125/62/96 128/63/96 
# 6 polygons

#
# object Box019
#

v  -0.3792 0.3531 0.2993
v  -0.8265 1.2293 0.2682
v  -1.2336 0.9909 -0.5956
v  -0.7863 0.1147 -0.5646
v  0.3973 0.7329 -0.1715
v  -0.0098 0.4945 -1.0353
v  -0.4571 1.3707 -1.0663
v  -0.0500 1.6091 -0.2025
# 8 vertices

vn -0.7889 -0.3859 0.4783
vn 0.7889 0.3859 -0.4783
vn 0.4545 -0.8902 0.0315
vn -0.4136 -0.2422 -0.8777
vn -0.4545 0.8902 -0.0315
vn 0.4136 0.2422 0.8777
# 6 vertex normals

vt 1.0000 0.0000 0.0000
vt 1.0000 1.0000 0.0000
vt 0.0000 1.0000 0.0000
vt 0.0000 0.0000 0.0000
# 4 texture coords

g Box019
usemtl wire_055007009
s 2
f 129/65/97 130/66/97 131/67/97 132/68/97 
s 4
f 133/68/98 134/65/98 135/66/98 136/67/98 
s 8
f 129/68/99 132/65/99 134/66/99 133/67/99 
s 16
f 132/68/100 131/65/100 135/66/100 134/67/100 
s 32
f 131/68/101 130/65/101 136/66/101 135/67/101 
s 64
f 130/68/102 129/65/102 133/66/102 136/67/102 
# 6 polygons

#
# object Box020
#

v  -0.6119 1.2869 1.1234
v  -0.7710 0.5937 0.4430
v  0.1882 0.5899 0.2226
v  0.3474 1.2830 0.9030
v  -0.7644 1.9857 0.4473
v  0.1948 1.9818 0.2269
v  0.0357 1.2887 -0.4536
v  -0.9236 1.2925 -0.2331
# 8 vertices

vn 0.1550 -0.7100 0.6870
vn -0.1550 0.7100 -0.6870
vn 0.1617 0.7042 0.6913
vn 0.9746 -0.0039 -0.2240
vn -0.1617 -0.7042 -0.6913
vn -0.9746 0.0039 0.2240
# 6 vertex normals

vt 1.0000 0.0000 0.0000
vt 1.0000 1.0000 0.0000
vt 0.0000 1.0000 0.0000
vt 0.0000 0.0000 0.0000
# 4 texture coords

g Box020
usemtl wire_055007009
s 2
f 137/69/103 138/70/103 139/71/103 140/72/103 
s 4
f 141/72/104 142/69/104 143/70/104 144/71/104 
s 8
f 137/72/105 140/69/105 142/70/105 141/71/105 
s 16
f 140/72/106 139/69/106 143/70/106 142/71/106 
s 32
f 139/72/107 138/69/107 144/70/107 143/71/107 
s 64
f 138/72/108 137/69/108 141/70/108 144/71/108 
# 6 polygons

#
# object Box021
#

v  -0.0531 0.6952 1.0807
v  0.3879 -0.0041 0.5467
v  1.1585 0.5913 0.4035
v  0.7175 1.2906 0.9375
v  -0.4779 1.0492 0.2664
v  0.2927 1.6445 0.1232
v  0.7338 0.9452 -0.4108
v  -0.0368 0.3498 -0.2676
# 8 vertices

vn 0.4316 -0.3596 0.8273
vn -0.4316 0.3596 -0.8273
vn -0.4481 0.7105 0.5426
vn 0.7829 0.6049 -0.1455
vn 0.4481 -0.7105 -0.5426
vn -0.7829 -0.6049 0.1455
# 6 vertex normals

vt 1.0000 0.0000 0.0000
vt 1.0000 1.0000 0.0000
vt 0.0000 1.0000 0.0000
vt 0.0000 0.0000 0.0000
# 4 texture coords

g Box021
usemtl wire_055007009
s 2
f 145/73/109 146/74/109 147/75/109 148/76/109 
s 4
f 149/76/110 150/73/110 151/74/110 152/75/110 
s 8
f 145/76/111 148/73/111 150/74/111 149/75/111 
s 16
f 148/76/112 147/73/112 151/74/112 150/75/112 
s 32
f 147/76/113 146/73/113 152/74/113 151/75/113 
s 64
f 146/76/114 145/73/114 149/74/114 152/75/114 
# 6 polygons

#
# object Box023
#

v  0.4314 1.1670 -1.0058
v  1.1667 1.6420 -0.5559
v  0.9089 1.2304 0.3002
v  0.1736 0.7553 -0.1497
v  -0.1699 1.9244 -0.8226
v  -0.4277 1.5127 0.0334
v  0.3076 1.9878 0.4833
v  0.5654 2.3994 -0.3728
# 8 vertices

vn 0.6109 -0.7695 -0.1860
vn -0.6109 0.7695 0.1860
vn -0.7471 -0.4826 -0.4571
vn -0.2619 -0.4182 0.8697
vn 0.7471 0.4826 0.4571
vn 0.2619 0.4182 -0.8697
# 6 vertex normals

vt 1.0000 0.0000 0.0000
vt 1.0000 1.0000 0.0000
vt 0.0000 1.0000 0.0000
vt 0.0000 0.0000 0.0000
# 4 texture coords

g Box023
usemtl wire_055007009
s 2
f 153/77/115 154/78/115 155/79/115 156/80/115 
s 4
f 157/80/116 158/77/116 159/78/116 160/79/116 
s 8
f 153/80/117 156/77/117 158/78/117 157/79/117 
s 16
f 156/80/118 155/77/118 159/78/118 158/79/118 
s 32
f 155/80/119 154/77/119 160/78/119 159/79/119 
s 64
f 154/80/120 153/77/120 157/78/120 160/79/120 
# 6 polygons

